<?xml version="1.0" standalone="no"?>
<!DOCTYPE svg PUBLIC "-//W3C//DTD SVG 20010904//EN"
 "http://www.w3.org/TR/2001/REC-SVG-20010904/DTD/svg10.dtd">
<svg version="1.0" xmlns="http://www.w3.org/2000/svg"
 width="300.000000pt" height="270.000000pt" viewBox="0 0 300.000000 270.000000"
 preserveAspectRatio="xMidYMid meet">
<metadata>
Created by potrace 1.10, written by Peter Selinger 2001-2011
</metadata>
<g transform="translate(0.000000,270.000000) scale(0.100000,-0.100000)"
fill="#000000" stroke="none">
<path d="M745 2363 c-3 -10 -8 -47 -10 -83 -3 -44 -2 -55 4 -35 8 30 8 30 13
5 2 -14 2 3 0 38 -3 44 -1 62 7 62 8 0 10 -8 6 -21 -5 -16 -4 -19 5 -14 10 6
12 -4 7 -46 -4 -35 -3 -47 3 -34 13 29 12 90 -2 120 -13 29 -23 32 -33 8z"/>
<path d="M825 2231 c-4 -38 -4 -88 0 -111 5 -31 3 -47 -11 -68 l-17 -27 -15
60 c-7 33 -14 75 -15 93 0 21 -3 28 -9 20 -5 -9 -8 -7 -8 6 0 11 -3 16 -7 12
-4 -3 -22 8 -40 26 -18 17 -35 29 -39 26 -8 -9 15 -48 27 -45 6 1 18 -9 26
-23 l15 -25 -21 25 c-11 14 -21 20 -21 13 0 -7 15 -24 34 -38 27 -20 36 -37
46 -85 15 -70 10 -106 -32 -223 l-30 -87 -29 44 c-31 50 -49 105 -49 153 0 49
-35 132 -72 170 -39 40 -53 43 -35 6 8 -16 22 -52 32 -81 10 -32 21 -50 26
-45 6 6 3 27 -6 54 -21 59 5 33 29 -29 19 -50 21 -92 2 -48 -8 18 -16 24 -20
17 -5 -7 -15 -6 -33 6 -25 17 -26 17 -18 -7 12 -41 33 -69 65 -85 17 -9 30
-22 30 -30 0 -21 -109 44 -126 76 -7 15 -24 29 -36 33 -38 10 -68 7 -68 -7 0
-23 45 -57 76 -57 16 0 36 -5 44 -10 13 -8 12 -10 -3 -10 -22 0 -77 -31 -77
-42 0 -4 20 -8 43 -8 31 0 49 6 62 20 17 19 18 19 51 -4 41 -28 70 -63 90
-111 13 -32 13 -48 3 -112 -9 -58 -9 -89 0 -142 13 -70 53 -171 69 -171 5 0
-2 22 -15 49 -22 43 -23 53 -13 90 12 44 18 52 67 81 33 20 70 66 60 76 -3 3
-19 -2 -37 -11 l-31 -16 20 39 c23 45 74 92 100 92 10 0 26 10 37 22 16 19 16
20 1 9 -20 -16 -70 -24 -61 -10 3 5 10 6 16 3 6 -4 8 -2 4 4 -3 6 6 20 21 32
27 21 27 21 35 1 4 -11 4 -48 0 -83 -7 -60 -8 -63 -39 -72 -18 -5 -33 -12 -33
-15 0 -4 52 -6 115 -6 71 0 115 3 115 10 0 5 -12 11 -27 12 -44 2 -53 26 -53
135 l0 98 125 0 125 0 0 -100 c0 -87 -3 -103 -20 -120 -11 -11 -29 -20 -40
-20 -11 0 -20 -4 -20 -8 0 -7 224 -9 240 -2 3 1 -13 8 -35 14 l-40 13 -3 228
c-2 159 1 232 9 241 6 8 24 14 40 14 16 0 29 5 29 10 0 6 -47 10 -120 10 -73
0 -120 -4 -120 -10 0 -5 11 -10 24 -10 46 0 56 -22 56 -131 l0 -99 -125 0
-125 0 0 99 c0 109 10 131 56 131 13 0 24 4 24 9 0 11 -208 19 -230 9 -17 -8
-11 -11 43 -22 l27 -6 0 -149 0 -149 -35 -22 c-20 -12 -52 -45 -70 -73 -44
-65 -46 -39 -5 47 26 54 29 67 20 92 -10 27 -12 27 -22 10 -6 -10 -16 -50 -22
-90 l-12 -71 -18 38 c-10 20 -22 37 -27 37 -12 0 -11 -37 1 -45 6 -3 10 -1 10
6 0 7 3 9 6 6 4 -4 2 -13 -5 -21 -9 -11 -8 -21 4 -48 16 -33 16 -35 -24 -118
-23 -46 -41 -93 -42 -104 0 -19 -1 -18 -11 4 -6 15 -8 70 -5 135 4 97 10 124
46 223 23 63 41 120 41 127 0 8 11 30 24 50 14 20 32 60 40 88 13 45 13 61 2
110 -8 32 -16 60 -19 63 -3 3 -8 -26 -12 -65z m25 -45 c0 -19 -4 -38 -10 -41
-6 -4 -10 10 -10 34 0 23 5 41 10 41 6 0 10 -15 10 -34z m-371 -192 c18 -13
20 -18 10 -25 -20 -12 -31 -11 -23 2 4 7 0 9 -14 5 -12 -4 -23 -2 -28 5 -5 8
-3 9 7 4 12 -8 12 -6 0 8 -12 15 -11 17 6 17 10 0 29 -7 42 -16z m111 -24 c15
-21 17 -28 6 -24 -8 3 -22 16 -30 29 -32 48 -10 43 24 -5z m-57 -68 c-10 -7
-24 -10 -31 -7 -8 3 -19 5 -25 6 -7 0 -3 4 8 8 11 5 30 8 43 7 20 -1 21 -2 5
-14z m294 -284 c-2 -7 -20 -22 -38 -32 l-34 -19 34 36 c34 36 49 41 38 15z"/>
<path d="M945 2268 c-28 -15 -75 -60 -75 -71 0 -5 18 7 41 28 46 42 63 39 31
-5 -16 -21 -18 -28 -7 -24 16 6 45 54 45 74 0 13 -10 12 -35 -2z"/>
<path d="M1400 1790 c0 -5 7 -10 15 -10 8 0 26 -5 40 -12 l25 -11 -2 -261 c-3
-238 -5 -261 -20 -264 -12 -2 -23 8 -35 33 -19 39 -54 55 -78 35 -33 -27 -12
-82 37 -99 70 -25 155 27 177 106 6 21 11 129 11 239 0 219 1 222 56 228 16 2
30 8 32 15 3 8 -33 11 -127 11 -81 0 -131 -4 -131 -10z"/>
<path d="M2114 1674 c3 -8 2 -13 -3 -9 -11 6 -47 -49 -56 -87 -11 -42 11 -34
35 12 25 50 26 67 0 20 -23 -42 -27 -32 -4 12 11 22 19 27 27 19 7 -7 5 -22
-8 -51 -21 -47 -40 -66 -50 -50 -4 6 -15 8 -26 5 -11 -4 -19 -2 -19 5 0 6 5 8
10 5 13 -8 13 8 -2 40 -11 25 -28 34 -28 14 0 -26 23 -99 35 -109 9 -7 10 -25
3 -67 -12 -78 -29 -108 -106 -198 l-66 -77 -13 47 c-13 54 -7 140 13 170 28
40 5 215 -27 215 -5 0 -9 -39 -10 -87 0 -71 -2 -84 -11 -65 -18 37 -31 25 -25
-24 2 -25 14 -59 26 -75 12 -16 19 -34 16 -39 -9 -15 -85 90 -85 117 0 25 -20
47 -61 68 -28 15 -29 15 -29 -11 0 -25 33 -65 75 -91 18 -10 15 -12 -21 -12
-22 -1 -44 -4 -47 -8 -23 -22 71 -55 97 -33 26 20 67 -56 74 -135 4 -61 3 -69
-30 -123 -19 -31 -40 -73 -47 -92 -19 -57 -31 -162 -21 -200 7 -32 8 -31 9 22
1 49 5 62 32 93 22 25 39 35 60 35 38 0 90 22 109 45 14 17 13 18 -30 12 l-45
-6 30 26 c30 26 33 32 39 92 3 25 2 31 -6 20 -7 -10 -8 -5 -4 19 3 18 1 32 -4
32 -9 0 -15 -33 -10 -55 12 -49 12 -50 1 -35 -8 12 -11 7 -11 -20 0 -31 -7
-41 -50 -74 -28 -21 -65 -55 -81 -75 l-31 -36 7 35 c13 74 93 212 175 304 44
49 80 92 80 96 0 5 22 24 49 43 26 19 61 53 77 76 30 42 95 76 130 69 17 -3
16 -6 -6 -18 -14 -7 -41 -17 -60 -21 l-35 -7 38 -1 c30 -1 45 6 75 35 l37 35
-50 -6 c-27 -4 -61 -13 -73 -22 -30 -18 -35 -13 -22 21 14 38 13 83 -1 69 -6
-6 -12 -22 -12 -36 -1 -14 -5 -23 -9 -21 -11 7 -48 -71 -48 -100 0 -25 -18
-49 -49 -66 -17 -8 -17 -6 -5 42 8 28 15 68 16 89 2 20 6 35 10 33 11 -7 57
55 67 91 10 37 5 75 -11 75 -6 0 -7 -7 -4 -16z m-255 -219 c1 -63 -18 -100
-20 -40 0 22 -2 61 -3 87 -1 43 0 45 11 25 7 -12 12 -44 12 -72z m270 13 c-12
-24 -24 -38 -26 -31 -5 15 24 73 37 73 6 0 1 -19 -11 -42z m-415 -20 c20 -28
20 -37 1 -34 -20 3 -56 37 -49 47 9 16 33 9 48 -13z m104 -98 c0 -8 -6 -1 -13
15 -8 17 -14 39 -14 50 0 13 5 8 14 -15 7 -19 13 -42 13 -50z m-73 -5 c0 -5
-11 -11 -25 -12 l-25 -2 25 8 c25 8 25 8 -7 15 l-33 6 33 -2 c17 -2 32 -7 32
-13z m175 -371 c0 -8 -67 -34 -87 -33 -10 0 -1 9 22 20 40 18 65 24 65 13z"/>
<path d="M2007 1194 c-22 -29 -17 -42 7 -19 9 9 16 12 16 6 0 -12 -35 -33 -43
-25 -2 3 -15 -11 -27 -31 -12 -20 -21 -38 -19 -40 10 -9 90 75 98 103 12 40
-5 43 -32 6z"/>
<path d="M2051 1114 c-47 -17 -124 -64 -117 -71 2 -3 13 0 24 6 12 6 43 11 70
11 38 0 53 5 70 23 24 26 29 47 10 47 -7 -1 -33 -8 -57 -16z m39 -18 c0 -16
-21 -26 -56 -26 -32 0 -30 16 4 28 39 15 52 14 52 -2z"/>
<path d="M550 501 c0 -39 5 -73 10 -76 6 -4 10 8 10 29 0 36 0 36 45 36 l45 0
0 -37 c0 -20 3 -34 6 -30 9 8 10 147 2 147 -5 0 -8 -13 -8 -30 0 -29 -2 -30
-45 -30 -43 0 -45 1 -45 30 0 17 -4 30 -10 30 -6 0 -10 -30 -10 -69z"/>
<path d="M780 501 l0 -69 51 -4 c28 -1 53 0 56 5 2 4 -16 7 -41 7 -42 0 -46 2
-46 25 0 22 4 25 35 25 19 0 35 5 35 10 0 6 -16 10 -35 10 -31 0 -35 3 -35 26
0 25 2 26 40 21 22 -3 40 -1 40 4 0 5 -22 9 -50 9 l-50 0 0 -69z"/>
<path d="M980 494 c0 -47 4 -73 10 -69 6 3 10 15 10 26 0 29 44 25 65 -7 9
-14 19 -23 22 -20 3 3 -1 16 -10 30 -14 21 -14 25 -2 30 18 7 20 57 3 74 -7 7
-31 12 -55 12 l-43 0 0 -76z m68 60 c18 -5 22 -13 20 -33 -2 -21 -9 -27 -35
-29 -32 -3 -33 -2 -33 32 0 37 6 41 48 30z"/>
<path d="M1294 563 c4 -4 17 -8 29 -8 19 0 21 -5 18 -50 -3 -59 -12 -71 -40
-56 -13 7 -21 8 -21 2 0 -17 34 -29 58 -20 20 7 22 15 22 74 l0 65 -37 0 c-20
0 -33 -3 -29 -7z"/>
<path d="M1470 501 l0 -69 50 -4 c28 -1 50 0 50 4 0 4 -19 8 -42 10 -36 2 -44
7 -46 26 -3 20 1 22 37 22 23 0 41 5 41 10 0 6 -18 10 -41 10 -36 0 -40 2 -37
23 2 18 9 22 40 23 58 1 58 14 0 14 l-52 0 0 -69z"/>
<path d="M1653 558 c2 -7 13 -39 23 -70 11 -32 24 -58 31 -58 6 0 20 26 31 58
l19 57 18 -57 c10 -32 24 -58 31 -58 7 0 22 28 33 62 23 68 25 78 13 78 -5 0
-16 -25 -26 -55 -9 -30 -19 -55 -21 -55 -2 0 -12 25 -21 55 -10 31 -22 54 -28
52 -5 -2 -17 -24 -25 -49 -9 -26 -19 -49 -22 -52 -3 -3 -13 19 -23 49 -9 30
-22 55 -28 55 -5 0 -8 -6 -5 -12z"/>
<path d="M1950 501 l0 -69 51 -4 c28 -1 53 0 56 5 2 4 -16 7 -41 7 -42 0 -46
2 -46 25 0 23 4 25 40 25 22 0 40 5 40 10 0 6 -18 10 -40 10 -37 0 -40 2 -40
26 0 25 2 26 40 21 22 -3 43 -1 46 4 3 5 -20 9 -50 9 l-56 0 0 -69z"/>
<path d="M2150 501 l0 -69 50 -4 c28 -1 50 0 50 5 0 4 -18 7 -40 7 l-40 0 0
65 c0 37 -4 65 -10 65 -6 0 -10 -30 -10 -69z"/>
<path d="M2330 549 c-15 -26 -1 -44 46 -59 24 -8 34 -17 32 -28 -4 -21 -44
-28 -64 -11 -17 14 -33 4 -17 -12 16 -16 72 -14 90 4 22 22 10 45 -34 64 -48
19 -48 19 -33 38 9 11 22 14 42 10 17 -4 28 -2 28 4 0 6 -18 11 -40 11 -29 0
-42 -5 -50 -21z"/>
</g>
</svg>
